- model_name: o1-2024-12-17
  boundary: 0.788389513
  conservation: 0.783783784
  continuity: 0.639534884
  hierarchy: 0.754854369
  intentionality: 0.875389408
  intuitivephysics: 0.754545455
  mechanicalreasoning: 0.85125448
  perceptualconstancy: 0.877906977
  permanence: 0.570261438
  perspective: 0.552141527
  spatiality: 0.612179487
  toolusing: 0.981578947
  true_mean: 0.749086119
- model_name: gpt-4o
  boundary: 0.871722846
  conservation: 0.6996997
  continuity: 0.63372093
  hierarchy: 0.575242718
  intentionality: 0.852024922
  intuitivephysics: 0.587878788
  mechanicalreasoning: 0.775089606
  perceptualconstancy: 0.812015504
  permanence: 0.528594771
  perspective: 0.430633147
  spatiality: 0.679487179
  toolusing: 0.969078947
  true_mean: 0.692536523
