- model_name: qwen2.5-vl-72b-instruct_video
  boundary: 0.79588015
  conservation: 0.807807808
  continuity: 0.668604651
  hierarchy: 0.684466019
  intentionality: 0.804517134
  intuitivephysics: 0.645454545
  mechanicalreasoning: 0.856630824
  perceptualconstancy: 0.846899225
  permanence: 0.388071895
  perspective: 0.269977169
  spatiality: 0.565972222
  toolusing: 1.0
  true_mean: 0.677462234
- model_name: internvl2_5-78b
  boundary: 0.808052434
  conservation: 0.654654655
  continuity: 0.595930233
  hierarchy: 0.605177994
  intentionality: 0.75
  intuitivephysics: 0.596969697
  mechanicalreasoning: 0.67562724
  perceptualconstancy: 0.722868217
  permanence: 0.410947712
  perspective: 0.351027397
  spatiality: 0.633680556
  toolusing: 0.958333333
  true_mean: 0.635765237
- model_name: llava-video-72b-qwen2
  boundary: 0.814606742
  conservation: 0.540540541
  continuity: 0.578488372
  hierarchy: 0.661003236
  intentionality: 0.800623053
  intuitivephysics: 0.578787879
  mechanicalreasoning: 0.774193548
  perceptualconstancy: 0.715116279
  permanence: 0.428921569
  perspective: 0.324200913
  spatiality: 0.526041667
  toolusing: 1.0
  true_mean: 0.630331601
