- model_name: step-1.5v-mini
  boundary: 0.809925094
  conservation: 0.53015873
  continuity: 0.71875
  hierarchy: 0.58171521
  intentionality: 0.86031746
  intuitivephysics: 0.557471264
  mechanicalreasoning: 0.741477273
  perceptualconstancy: 0.731934732
  permanence: 0.9375
  perspective: 0.369863014
  spatiality: 0.746212121
  toolusing: 0.958333333
  true_mean: 0.696221123
- model_name: step-1o-turbo-vision
  boundary: 0.821161049
  conservation: 0.663492063
  continuity: 0.64453125
  hierarchy: 0.614886731
  intentionality: 0.830952381
  intuitivephysics: 0.531609195
  mechanicalreasoning: 0.739583333
  perceptualconstancy: 0.766899767
  permanence: 0.71875
  perspective: 0.400114155
  spatiality: 0.746212121
  toolusing: 0.991666667
  true_mean: 0.694902294
- model_name: glm-4v-plus
  boundary: 0.916666667
  conservation: 0.552380952
  continuity: 0.81640625
  hierarchy: 0.628640777
  intentionality: 0.842063492
  intuitivephysics: 0.577586207
  mechanicalreasoning: 0.665708812
  perceptualconstancy: 0.804195804
  permanence: 0.75
  perspective: 0.269406393
  spatiality: 0.615530303
  toolusing: 1.0
  true_mean: 0.682189065
